21221
87021
28440
55071
12740
72296
65366
1865
98949
47846
88070
87516
32707
91485
5477
55848
1141
45184
15465
21536
7434
75159
23318
66400
61884
6201
54122
78922
72743
2872
30277
95472
46765
10597
60775
77211
13462
59699
83333
62849
12974
49645
71648
83400
6834
13029
72459
79648
77014
92546
62303
34555
60910
39907
40226
45923
64655
7678
72654
6557
82712
77493
56130
52201
95207
45623
97546
86215
18628
31951
13589
17510
68419
39337
56490
94575
35743
84051
77219
7306
65128
90192
28445
7179
58040
90743
38953
55025
31615
42716
65957
38168
43575
33154
12210
26610
90276
21703
72180
70504
31389
59997
71849
43817
21840
13237
15287
40087
85082
85618
49290
50882
63852
84110
89259
10741
45013
7032
83328
73529
43955
39138
21428
50311
80761
69787
67720
40869
19088
12758
5252
36146
17962
21811
67180
3649
88485
85060
54261
35266
75066
13434
65965
80722
61750
51562
85026
34218
27392
82813
80263
63816
48073
23409
86904
14137
84617
62611
9600
30074
53101
32789
89439
94800
17613
61748
29213
85938
66862
85115
28710
86973
486
90904
36751
35208
54930
44772
10560
16522
1002
53524
69993
40456
16677
25749
34016
97353
61523
41241
55112
66912
57948
22597
1515
99892
59091
4197
59525
59400
59335
22699
48466
92493
8658
69152
21977
41864
64052
63746
18100
39175
82544
75086
38349
49554
74299
61680
67421
99385
70241
1637
60117
30938
63302
27229
16429
15635
97793
22988
41203
11802
38320
71932
84715
91289
29538
95971
11756
54043
96349
21448
13484
58392
97772
70694
18721
5415
42474
39440
72051
19650
42612
2766
24462
69985
85745
6359
57459
74661
79051
11061
87393
20504
78695
35713
62518
19384
40288
16465
26176
19929
81681
9284
28977
66699
50603
2028
38714
26184
33886
34835
60603
62205
14129
23955
68329
89545
76268
77423
36789
91920
62378
26511
31162
15232
26272
89863
17199
50089
49015
23546
13762
31340
71760
96695
35217
85086
12041
63418
12151
77843
58721
16647
93057
24781
13048
16809
83854
84062
67590
48039
9844
21274
37110
25433
84530
5286
84608
22456
90002
69367
25800
2064
74832
64546
91450
95471
87817
9448
20902
72728
13264
51682
1914
39977
45188
86125
88717
53100
74708
80622
72522
45650
18528
96293
24970
72634
81192
76745
61602
28835
56669
16054
12288
9551
26949
27863
73639
74595
64568
99354
71134
95353
45751
17558
56140
36235
68170
10148
20642
30450
29902
40602
49084
79073
53318
34195
90005
24411
82031
69104
37771
49990
58843
45838
34999
74906
40412
40115
606
83207
63707
8887
53687
49675
17408
89651
38450
76452
16132
7229
22410
51581
82383
50460
5541
83715
72036
90560
35870
92812
41065
1503
14706
33740
11661
62759
4295
30265
96677
77062
10049
21880
74999
30581
19009
81009
95579
64485
99188
99047
21752
80896
76271
51614
67470
91895
67668
97808
82938
57500
25987
71153
98028
61892
67264
71634
44065
9493
62269
25895
478
66340
11055
51239
96572
1178
28254
95219
1820
95549
94265
14208
58604
40332
24153
96243
94526
56400
3038
89201
89810
43973
27037
22845
77721
2680
45615
56520
91733
1099
55301
75160
66013
5718
47505
84893
12459
97335
50256
78549
30900
96912
2384
11616
27383
40613
79000
63372
10002
17546
1288
22695
17844
58565
62029
9922
89630
76300
25724
95196
38049
46612
63668
23650
45624
41161
24869
75543
46818
19090
77917
73936
64464
71023
84086
28148
92799
71367
23258
32998
12380
24573
12247
62833
86305
65719
88965
9644
69728
86648
10383
32614
55615
82103
52243
24121
91402
98341
47230
60737
18861
75276
85678
7109
14153
45182
62179
30777
61715
22197
84927
6345
31956
87382
81236
21383
57881
81434
96772
86197
7513
28297
41658
61469
43337
85585
65779
43985
45804
51847
65231
86142
79273
33140
92186
95972
14334
35874
7863
52839
8620
49697
65739
55053
14587
49644
78947
24608
19226
62458
92886
50951
8522
66985
63652
15271
31000
45138
85204
3092
13266
10186
39025
75869
79932
33472
56909
67728
67577
18250
13511
20178
19125
89597
66435
11019
5267
91262
35145
92951
26089
32632
26583
98616
52064
83962
90477
30174
24349
40399
51196
33439
2648
18542
1918
68172
1514
35290
18054
81419
80800
97009
92145
6375
51391
15802
56518
65834
49483
35016
57375
91111
95792
68452
97439
9277
42109
27226
20721
86090
17161
45429
70209
89619
37048
93318
44190
45895
66712
56082
95661
89555
20092
62354
36471
57734
40131
86724
93506
81488
87661
35580
27707
52163
15472
41953
32003
44883
68294
86340
54041
25623
47029
28930
49994
50186
12904
86608
10897
88421
25236
51316
25587
89670
25140
90410
40555
88584
91914
67012
78514
11343
86574
98602
25422
71284
52003
11577
84868
54280
79449
77594
75194
40750
86465
26289
13006
24859
84778
50656
94653
69527
44616
97304
28494
18164
34872
89518
73336
44170
14918
72448
39764
77186
99303
67998
53756
72319
92860
73865
90142
97456
80516
84549
53866
3754
14874
45829
38865
15178
32770
24942
32828
26299
1487
42338
47639
94574
83888
44551
35551
26303
4166
96457
39191
46745
63269
37593
42313
81827
88542
2364
14151
48899
56015
20465
95679
2383
88749
6065
65110
59918
79119
68051
75533
43390
3832
8157
3850
97286
72399
66925
56567
15471
22827
49328
14956
27662
55096
6854
77799
52368
9186
28526
94344
5417
719
91169
21343
25259
47676
5154
87213
46129
32917
3004
94373
25685
87169
16675
48611
14050
82956
30240
71743
28901
2116
26178
8460
85239
53208
98768
69805
43347
82081
42689
63875
44377
16147
14633
67667
44374
54419
32874
97127
10494
40037
37057
64197
32929
62774
1297
75723
23911
7216
56606
42822
93174
47959
32551
30553
29867
43092
89037
16388
78243
98269
43161
92678
62078
83659
2182
53657
73771
98243
33842
71537
48858
62812
43783
50296
80581
99068
12326
12900
2374
1012
64654
45818
17720
41521
99797
23478
28871
22180
30076
70433
95028
20135
32566
26541
2407
17715
33244
82046
12488
9001
81727
31281
32529
76915
74090
48268
11462
58844
63994
35530
80099
38768
55644
75393
29397
73753
45205
93790
13860
62370
5243
20827
64327
45985
92292
45978
41727
27563
26850
2710
27484
44143
88735
41191
97724
27379
93531
28336
67562
2763
17320
59293
6512
40882
44145
44938
22570
14843
78026
53997
81969
27879
9322
65799
60720
44679
54263
21936
69693
79874
24982
